100
360 546
121 484
3 4
438 544
303 584
7 121
2 802
65 584
3 5
225 929
767 845
663 998
425 457
3 65
3 10
7 10
121 221
1 5
483 584
96 185
120 484
120 302
868 994
594 878
3 221
1 10
1 4
65 485
182 260
65 302
394 743
1 122
1 221
483 742
7 109
1 104
8 742
21 485
121 122
261 448
10 120
428 749
252 311
8 302
99 350
465 936
32 419
9 221
69 364
100 1000
21 742
3 302
484 584
8 109
194 342
175 220
190 916
1 2
4 5
244 757
195 780
320 424
29 524
4 4
860 954
9 121
120 485
130 704
831 975
4 104
1 1
8 122
384 485
1 65
5 445
7 65
1 9
122 483
1 742
3 104
21 484
121 302
490 840
1 6
8 584
305 499
154 391
122 1000
484 742
303 484
591 791
1 1000
8 65
1 302
370 690
287 751
3 9
121 584
9 109
276 538
